[
57 470
65 320
77 223
98 166
116 137
147 115
177 103
235 86
290 85
394 86
484 90
572 89
629 88
712 90
786 107
847 123
856 140
872 172
885 201
897 257
894 296
881 326
857 344
812 349
753 346
701 354
642 385
591 427
514 476
478 509
565 506
617 504
690 501
758 496
829 494
892 518
917 554
932 606
941 668
931 713
912 753
862 768
803 773
706 770
625 770
547 767
465 767
362 762
290 757
224 750
141 749
84 742
47 727
52 678
69 643
87 610
83 566
69 527
57 470
]

[
134 502
125 442
130 350
133 272
151 228
168 193
196 169
232 163
291 162
355 164
426 159
470 153
552 155
626 179
698 180
766 182
790 214
803 245
765 268
724 280
672 287
566 333
520 376
484 421
430 450
391 499
361 540
373 573
396 610
451 608
502 615
530 589
561 571
626 564
695 559
754 562
787 571
824 572
849 566
875 611
872 663
868 704
849 724
793 725
746 721
688 718
639 715
579 718
530 719
462 714
410 705
327 703
256 699
186 690
140 692
128 681
125 675
140 649
165 634
171 593
164 560
134 502
]
