[
51 336
150 358
]
[
54 299
156 319
]
[
53 242
152 283
]
[
77 195
165 258
]
[
94 157
175 228
]
[
118 123
186 204
]
[
153 101
199 189
]
[
202 78
222 184
]
[
248 75
256 183
]
[
290 74
292 178
]
[
326 70
331 180
]
[
369 73
371 182
]
[
416 67
413 187
]
[
460 71
452 176
]
[
510 71
495 182
]
[
551 71
539 177
]
[
594 73
584 195
]
[
628 72
638 199
]
[
679 72
675 201
]
[
722 78
723 200
]
[
777 88
739 196
]
[
831 103
758 202
]
[
770 213
872 140
]
[
901 195
779 229
]
[
783 240
911 259
]
[
900 326
772 256
]
[
752 259
845 355
]
[
761 366
709 264
]
[
665 276
707 372
]
[
662 392
605 302
]
[
562 321
643 410
]
[
611 437
529 351
]
[
495 383
584 456
]
[
543 478
464 417
]
[
423 436
494 498
]
[
496 501
388 475
]
[
495 505
341 534
]
[
487 513
353 591
]
[
501 504
424 620
]
[
468 623
519 500
]
[
546 604
538 497
]
[
586 582
575 494
]
[
621 575
611 490
]
[
657 579
645 488
]
[
695 575
683 485
]
[
730 574
725 488
]
[
764 572
760 483
]
[
788 577
794 483
]
[
815 585
835 475
]
[
836 580
871 487
]
[
850 585
918 512
]
[
857 602
939 555
]
[
862 621
941 596
]
[
864 641
949 630
]
[
855 668
952 659
]
[
862 691
945 700
]
[
855 709
931 747
]
[
838 714
888 773
]
[
845 777
812 714
]
[
813 782
789 713
]
[
785 787
756 704
]
[
734 779
728 704
]
[
698 777
691 699
]
[
666 781
656 702
]
[
624 777
631 697
]
[
587 776
592 700
]
[
544 776
548 693
]
[
512 775
504 692
]
[
469 773
460 698
]
[
424 776
424 691
]
[
384 768
379 690
]
[
364 772
342 685
]
[
318 775
316 685
]
[
277 773
281 677
]
[
242 768
238 673
]
[
209 673
204 765
]
[
166 768
172 671
]
[
153 679
126 772
]
[
145 670
69 754
]
[
26 698
136 664
]
[
154 657
52 641
]
[
64 603
180 614
]
[
184 578
70 563
]
[
56 543
162 528
]
[
152 490
50 500
]
[
42 464
140 460
]
[
138 435
43 419
]
[
43 388
141 392
]
